,num_clouds,block_percentage,ninety_five_percentile
0,1,0.030032467532467532,0.0
1,2,0.03720238095238095,0.0
2,3,0.05654761904761905,0.0
3,4,0.09337797619047618,0.0
4,5,0.1312229437229437,0.0
5,6,0.13869724025974026,0.0
6,7,0.18658685064935066,0.0
7,8,0.24201839826839824,0.0
8,9,0.22646103896103897,0.0
9,10,0.2581845238095238,0.0
10,11,0.2863568722943723,0.0
11,12,0.33231872294372294,0.0
12,13,0.30837391774891776,0.0
13,14,0.37618371212121215,0.0
14,15,0.3422957251082251,0.0
15,16,0.38477408008658004,0.0
16,17,0.407027867965368,0.0
17,18,0.40124458874458874,0.0
18,19,0.4543425324675325,0.0
19,20,0.39650974025974023,0.0
